goal_orientation:
  w: 0.01765409951067099
  z: -0.9998441542412834
goal_position:
  x: -0.4902745870019872
  y: 0.1794241948287822
