goal_orientation:
  w: 0.3338908651168797
  z: 0.9426117388360393
goal_position:
  x: -1.0430657043261482
  y: 1.7688476521163652
