goal_orientation:
  w: 0.9871945693830507
  z: -0.15952078918000964
goal_position:
  x: 1.4785952907260076
  y: 1.9371539448651818
