goal_orientation:
  w: 0.8354965678943979
  z: -0.5494956642564905
goal_position:
  x: 1.7673809086626298
  y: 0.05023106298619227
